{"metadata":{"formatVersion":2,"generatedBy":"LeapJS Playback 0.2.1","frames":890,"protocolVersion":6,"serviceVersion":"2.2.3+25971","frameRate":"1.0e+2","modified":"Sat Feb 28 2015 17:40:44 GMT+1100 (AEDT)"},"frames":[["id","timestamp",{"hands":[["id","type","direction","palmNormal","palmPosition","palmVelocity","stabilizedPalmPosition","pinchStrength","grabStrength","confidence","armBasis","armWidth","elbow","wrist"]]},{"pointables":[["id","direction","handId","length","stabilizedTipPosition","tipPosition","tipVelocity","tool","carpPosition","mcpPosition","pipPosition","dipPosition","btipPosition","bases","type"]]},{"interactionBox":["center","size"]}],[2128062,65262181437,[[1814,"right",[-0.214382,0.506512,-0.835157],[-0.41401,-0.82155,-0.391984],[23.3673,144.071,-23.9614],[1.19209e-7,1.19209e-7,1.19209e-7],[23.3673,144.071,-23.9614],0.470703,0.16329,0,[[0.876263,-0.24187,-0.416729],[0.418045,0.811685,0.407928],[0.239587,-0.531664,0.812362]],55.1731,[96.7904,-2.56042,203.925],[40.7788,121.734,14.0075]]],[[18140,[-0.573973,0.162726,-0.802543],1814,45.1259,[-34.9219,133.332,-48.6287],[-34.9219,133.332,-48.6287],[1.19209e-7,1.19209e-7,1.19209e-7],false,[15.7051,119.011,22.3403],[15.7051,119.011,22.3403],[-9.22676,126.129,-12.2412],[-26.1717,130.933,-35.9341],[-37.5355,134.049,-52.4206],[[[0.684457,0.728334,0.0323795],[-0.443158,0.380373,0.811743],[0.578904,-0.569953,0.583116]],[[0.464214,0.872022,-0.155189],[-0.672138,0.460931,0.57946],[0.576833,-0.164685,0.800089]],[[0.464214,0.872022,-0.155189],[-0.674582,0.461626,0.576056],[0.573973,-0.162726,0.802543]],[[0.464214,0.872022,-0.155189],[-0.685591,0.464696,0.560377],[0.560776,-0.153738,0.813569]]],0],[18141,[-0.43141,-0.512858,-0.742201],1814,50.9195,[-29.1713,132.607,-87.5815],[-29.1713,132.607,-87.5815],[1.19209e-7,1.19209e-7,1.19209e-7],false,[26.9064,135.786,18.5445],[0.323169,162.247,-32.9438],[-15.2652,150.431,-64.5857],[-24.2939,139.698,-80.1188],[-30.6282,130.489,-89.8106],[[[0.836113,-0.172969,-0.520573],[0.356046,0.893049,0.275128],[0.417309,-0.415386,0.808275]],[[0.902128,-0.251702,-0.350443],[0.102786,0.914198,-0.392015],[0.419046,0.317627,0.850596]],[[0.902128,-0.251702,-0.350443],[0.00708574,0.820745,-0.571251],[0.43141,0.512858,0.742201]],[[0.902128,-0.251702,-0.350443],[-0.0532489,0.741055,-0.66933],[0.428169,0.622482,0.655123]]],1],[18142,[-0.503014,-0.52517,-0.686421],1814,58.0187,[-18.4404,127.629,-99.6008],[-18.4404,127.629,-99.6008],[1.19209e-7,1.19209e-7,1.19209e-7],false,[36.0368,135.49,13.0473],[17.9473,158.841,-39.6486],[0.50974,149.093,-76.292],[-11.8755,136.162,-93.1932],[-20.4014,125.08,-101.515],[[[0.811776,-0.377191,-0.445811],[0.50135,0.841613,0.200837],[0.299446,-0.386542,0.872306]],[[0.851284,-0.438261,-0.28852],[0.317407,0.867975,-0.381933],[0.417814,0.233555,0.878]],[[0.851284,-0.438261,-0.28852],[0.149309,0.729468,-0.66752],[0.503014,0.52517,0.686421]],[[0.851284,-0.438261,-0.28852],[0.0276299,0.586549,-0.809442],[0.523978,0.681093,0.511429]]],2],[18143,[-0.506695,-0.495443,-0.705546],1814,55.7865,[3.81566,125.514,-101.031],[3.81566,125.514,-101.031],[1.19209e-7,1.19209e-7,1.19209e-7],false,[44.8076,132.428,7.86529],[35.8856,151.059,-42.2849],[22.9983,145.956,-78.4032],[10.8446,134.072,-95.3266],[1.71611,122.958,-102.735],[[[0.806875,-0.492327,-0.326447],[0.567357,0.799763,0.196177],[0.164497,-0.343503,0.924633]],[[0.82043,-0.52853,-0.21806],[0.464678,0.838604,-0.284285],[0.33312,0.131908,0.933612]],[[0.82043,-0.52853,-0.21806],[0.264866,0.689342,-0.67428],[0.506695,0.495443,0.705546]],[[0.82043,-0.52853,-0.21806],[0.0922241,0.498734,-0.861835],[0.56426,0.686965,0.457919]]],3],[18144,[-0.472708,-0.527654,-0.705782],1814,43.7356,[30.5455,115.618,-90.5451],[30.5455,115.618,-90.5451],[1.19209e-7,1.19209e-7,1.19209e-7],false,[51.6654,123.392,3.05024],[50.651,140.031,-44.3092],[45.7215,131.887,-73.408],[37.716,122.951,-85.3606],[28.4037,113.427,-92.0938],[[[0.715581,-0.654105,-0.245134],[0.698238,0.679941,0.223928],[0.0202041,-0.3314,0.943274]],[[0.680229,-0.727649,0.0884078],[0.715097,0.632277,-0.298095],[0.161011,0.265993,0.950433]],[[0.680229,-0.727649,0.0884078],[0.56021,0.438302,-0.702891],[0.472708,0.527654,0.705782]],[[0.680229,-0.727649,0.0884078],[0.384681,0.251714,-0.888065],[0.623946,0.638097,0.451136]]],4]],[[0,200,0],[235.247,235.247,147.751]]],[2128063,65262191166,[[1814,"right",[-0.200779,0.514491,-0.833659],[-0.416599,-0.815047,-0.402671],[22.9539,144.711,-23.5569],[-42.489,65.7302,41.5819],[23.3659,144.074,-23.96],0.477087,0.167872,0.0459076,[[0.872791,-0.23481,-0.427902],[0.416334,0.815725,0.40157],[0.254758,-0.528637,0.809717]],55.1731,[99.3104,-1.64188,203.733],[39.7521,121.945,14.4338]]],[[18140,[-0.565118,0.175377,-0.806154],1814,45.1259,[-34.9253,133.347,-48.6309],[-35.2123,134.746,-48.8796],[-33.912,150.415,-21.9617],false,[14.5652,119.376,22.4685],[14.5652,119.376,22.4685],[-9.96935,127.031,-12.282],[-26.6529,132.208,-36.0815],[-37.8203,135.568,-52.654],[[[0.690221,0.722174,0.0453872],[-0.448898,0.378153,0.809624],[0.567526,-0.579194,0.585192]],[[0.473829,0.868908,-0.143127],[-0.673254,0.462204,0.577145],[0.567639,-0.177107,0.804002]],[[0.473829,0.868908,-0.143127],[-0.675372,0.462863,0.574134],[0.565118,-0.175377,0.806154]],[[0.473829,0.868908,-0.143127],[-0.686871,0.466378,0.557404],[0.551084,-0.165804,0.817811]]],0],[18141,[-0.427553,-0.518082,-0.740803],1814,50.9195,[-29.1695,132.615,-87.5807],[-28.9289,133.923,-87.5798],[25.7725,120.172,11.6176],false,[25.9501,136.081,18.9224],[0.166313,163.149,-32.6569],[-15.1365,151.873,-64.6333],[-24.0845,141.03,-80.1371],[-30.3651,131.609,-89.6583],[[[0.840343,-0.176287,-0.512587],[0.360546,0.887902,0.28572],[0.404759,-0.424914,0.809703]],[[0.903894,-0.257005,-0.341943],[0.117266,0.91764,-0.379717],[0.41137,0.303126,0.859587]],[[0.903894,-0.257005,-0.341943],[0.0132357,0.815806,-0.578174],[0.427553,0.518082,0.740803]],[[0.903894,-0.257005,-0.341943],[-0.0523543,0.726906,-0.684738],[0.424541,0.636832,0.643591]]],1],[18142,[-0.500347,-0.516184,-0.695131],1814,58.0187,[-18.4376,127.647,-99.6024],[-18.173,129.188,-99.7516],[25.9161,160.278,-14.0746],false,[35.1381,135.747,13.5242],[17.8342,159.642,-39.1919],[0.700678,150.335,-76.0924],[-11.6189,137.625,-93.2081],[-20.1506,126.668,-101.688],[[[0.813442,-0.380839,-0.439629],[0.506224,0.835772,0.212655],[0.286442,-0.395533,0.872642]],[[0.850559,-0.443132,-0.283165],[0.328654,0.868278,-0.371592],[0.410531,0.222998,0.884159]],[[0.850559,-0.443132,-0.283165],[0.16187,0.732931,-0.660765],[0.500347,0.516184,0.695131]],[[0.850559,-0.443132,-0.283165],[0.0402654,0.591759,-0.805109],[0.524335,0.673391,0.521169]]],2],[18143,[-0.504557,-0.488582,-0.711836],1814,55.7865,[3.81998,125.545,-101.026],[4.02985,126.787,-100.878],[17.5912,124.691,21.1726],false,[43.9396,132.649,8.41665],[35.7339,151.726,-41.6882],[23.1343,146.925,-77.9491],[11.0319,135.206,-95.0234],[1.88243,124.195,-102.558],[[[0.806237,-0.496808,-0.321192],[0.571921,0.793392,0.208412],[0.151291,-0.351726,0.923797]],[[0.818236,-0.533705,-0.213656],[0.47373,0.836517,-0.275352],[0.325684,0.124088,0.9373]],[[0.818236,-0.533705,-0.213656],[0.275522,0.690251,-0.66906],[0.504557,0.488582,0.711836]],[[0.818236,-0.533705,-0.213656],[0.103138,0.501904,-0.858752],[0.565555,0.680626,0.465721]]],3],[18144,[-0.456637,-0.5105,-0.72861],1814,43.7356,[30.5557,115.637,-90.5489],[31.1177,116.986,-90.6432],[81.3828,154.477,-30.3977],false,[50.7735,123.59,3.61014],[50.4266,140.587,-43.6317],[46.1391,132.94,-72.9662],[38.4058,124.294,-85.3054],[29.2259,114.978,-92.4943],[[[0.712674,-0.658393,-0.242105],[0.701462,0.67225,0.236709],[0.00690746,-0.338523,0.940933]],[[0.67234,-0.734357,0.0931553],[0.726875,0.631143,-0.27076],[0.14004,0.249755,0.958129]],[[0.67234,-0.734357,0.0931553],[0.582616,0.447336,-0.678565],[0.456637,0.5105,0.72861]],[[0.67234,-0.734357,0.0931553],[0.411873,0.266553,-0.871384],[0.615076,0.624235,0.481677]]],4]],[[0,200,0],[235.247,235.247,147.751]]],[2128064,65262201292,[[1814,"right",[-0.180037,0.527848,-0.830038],[-0.41876,-0.804671,-0.420886],[22.3944,145.753,-22.9539],[-46.36,77.012,47.027],[23.3593,144.085,-23.9532],0.480547,0.169629,0.0972197,[[0.86824,-0.224901,-0.442243],[0.411573,0.824257,0.388855],[0.277068,-0.519635,0.808216]],55.1731,[103.027,0.806361,203.963],[38.2534,122.289,15.0152]]],[[18140,[-0.54848,0.193166,-0.813546],1814,45.1259,[-34.9392,133.438,-48.6496],[-35.4322,136.85,-49.4111],[-30.3162,168.423,-31.0161],false,[12.9002,119.909,22.571],[12.9002,119.909,22.571],[-10.9535,128.359,-12.4683],[-27.1459,134.062,-36.486],[-37.963,137.774,-53.2148],[[[0.697581,0.713343,0.0672429],[-0.458787,0.372612,0.806644],[0.550359,-0.59355,0.5872]],[[0.486665,0.864924,-0.122737],[-0.677184,0.462267,0.572478],[0.551887,-0.195489,0.810682]],[[0.486665,0.864924,-0.122737],[-0.679946,0.463243,0.5684],[0.54848,-0.193166,0.813546]],[[0.486665,0.864924,-0.122737],[-0.69153,0.467271,0.550857],[0.533801,-0.183207,0.825525]]],0],[18141,[-0.420572,-0.509325,-0.750805],1814,50.9195,[-29.155,132.686,-87.5841],[-28.453,136.341,-87.9058],[32.1402,154.797,-0.432402],false,[24.5378,136.525,19.4511],[-0.0145271,164.577,-32.2031],[-14.8617,154.027,-64.6387],[-23.6636,143.367,-80.3518],[-29.8757,133.993,-89.9642],[[[0.847207,-0.179326,-0.500082],[0.365631,0.879728,0.303963],[0.385428,-0.440365,0.810879]],[[0.906775,-0.263017,-0.329516],[0.135874,0.92216,-0.362159],[0.399121,0.283624,0.871929]],[[0.906775,-0.263017,-0.329516],[0.0296438,0.819396,-0.572461],[0.420572,0.509325,0.750805]],[[0.906775,-0.263017,-0.329516],[-0.0378957,0.72755,-0.685007],[0.419909,0.633635,0.649757]]],1],[18142,[-0.49397,-0.500638,-0.710883],1814,58.0187,[-18.4121,127.77,-99.6159],[-17.5698,131.721,-100.061],[35.7842,187.376,-19.0997],false,[33.8156,136.155,14.2111],[17.7248,160.95,-38.4736],[1.11587,152.302,-75.7722],[-11.0467,139.976,-93.2757],[-19.5526,129.249,-102.071],[[[0.816663,-0.384499,-0.430374],[0.51197,0.826864,0.232771],[0.26636,-0.410434,0.872121]],[[0.850239,-0.449176,-0.274472],[0.34456,0.869086,-0.354919],[0.397961,0.207194,0.893699]],[[0.850239,-0.449176,-0.274472],[0.181901,0.740001,-0.647542],[0.49397,0.500638,0.710883]],[[0.850239,-0.449176,-0.274472],[0.0618654,0.603069,-0.795287],[0.52275,0.659203,0.540541]]],2],[18143,[-0.49848,-0.474786,-0.725324],1814,55.7865,[3.87209,125.795,-101.001],[4.59583,129.027,-100.77],[28.464,153.114,18.831],false,[42.6699,133.022,9.21755],[35.5736,152.858,-40.7617],[23.5294,148.664,-77.2856],[11.5727,137.275,-94.6835],[2.4239,126.449,-102.482],[[[0.806025,-0.501939,-0.313658],[0.577239,0.783775,0.229111],[0.130837,-0.365725,0.921481]],[[0.815671,-0.540238,-0.20694],[0.487603,0.8345,-0.25662],[0.311327,0.108413,0.944099]],[[0.815671,-0.540238,-0.20694],[0.293595,0.694782,-0.656567],[0.49848,0.474786,0.725324]],[[0.815671,-0.540238,-0.20694],[0.12196,0.510247,-0.851337],[0.565515,0.669172,0.482081]]],3],[18144,[-0.439527,-0.488105,-0.754036],1814,43.7356,[30.6079,115.756,-90.5599],[31.8114,119.116,-90.5614],[82.0279,174.766,-22.693],false,[49.4831,123.948,4.41],[50.1691,141.573,-42.597],[46.5873,134.588,-72.1899],[39.1438,126.322,-84.9597],[30.1037,117.284,-92.6631],[[[0.70922,-0.66345,-0.238413],[0.704855,0.660753,0.258041],[-0.0136651,-0.351055,0.936255]],[[0.661995,-0.743418,0.0953558],[0.740322,0.628709,-0.238011],[0.116991,0.228156,0.96657]],[[0.661995,-0.743418,0.0953558],[0.607107,0.457256,-0.649875],[0.439527,0.488105,0.754036]],[[0.661995,-0.743418,0.0953558],[0.441456,0.283928,-0.851177],[0.605706,0.60557,0.516145]]],4]],[[0,200,0],[235.247,235.247,147.751]]],[2128065,65262210787,[[1814,"right",[-0.157731,0.538792,-0.827541],[-0.416736,-0.796068,-0.43887],[21.9769,147.753,-21.573],[-45.6717,115.394,75.2977],[23.3433,144.127,-23.9257],0.481616,0.150658,0.143533,[[0.861734,-0.209925,-0.461895],[0.402754,0.836689,0.371135],[0.308552,-0.505849,0.805551]],55.1731,[108.954,5.45983,204.776],[36.8195,123.719,16.451]]],[[18140,[-0.528716,0.208015,-0.822915],1814,45.1259,[-34.9605,133.73,-48.6776],[-35.3582,139.746,-49.3212],[-19.551,208.766,-19.0282],false,[11.2916,121.483,23.4409],[11.2916,121.483,23.4409],[-11.7883,130.627,-11.9405],[-27.3972,136.768,-36.2348],[-37.7997,140.774,-53.1577],[[[0.702204,0.706242,0.0901785],[-0.472556,0.367577,0.800986],[0.532543,-0.605069,0.591853]],[[0.497464,0.861484,-0.101852],[-0.68366,0.46161,0.565266],[0.533984,-0.211567,0.818597]],[[0.497464,0.861484,-0.101852],[-0.687742,0.463222,0.558961],[0.528716,-0.208015,0.822915]],[[0.497464,0.861484,-0.101852],[-0.699293,0.467719,0.540581],[0.513341,-0.197695,0.835103]]],0],[18141,[-0.409466,-0.500225,-0.762963],1814,50.9195,[-29.0895,132.959,-87.579],[-27.5617,139.515,-87.6288],[49.5474,206.236,8.59088],false,[23.1377,138.028,20.759],[-0.0648821,166.881,-31.0773],[-14.3083,156.95,-63.976],[-22.8777,146.481,-79.9436],[-28.9669,137.18,-89.7041],[[[0.856046,-0.181266,-0.484074],[0.366763,0.872916,0.321719],[0.364239,-0.452947,0.813738]],[[0.911122,-0.267153,-0.313825],[0.152485,0.925937,-0.345526],[0.38289,0.266963,0.884379]],[[0.911122,-0.267153,-0.313825],[0.0468448,0.823653,-0.565156],[0.409466,0.500225,0.762963]],[[0.911122,-0.267153,-0.313825],[-0.0210471,0.730303,-0.682799],[0.411599,0.628718,0.659772]]],1],[18142,[-0.485876,-0.493867,-0.721124],1814,58.0187,[-18.3189,128.143,-99.6003],[-16.5899,134.749,-99.4534],[52.7086,221.662,8.10791],false,[32.5212,137.633,15.7126],[17.7714,163.165,-37.0123],[1.76111,154.987,-74.6768],[-10.2022,142.827,-92.4325],[-18.6371,132.18,-101.391],[[[0.822235,-0.386931,-0.41739],[0.514115,0.819547,0.253037],[0.244163,-0.422642,0.872788]],[[0.851691,-0.45286,-0.263704],[0.357017,0.869782,-0.340615],[0.383616,0.195952,0.902464]],[[0.851691,-0.45286,-0.263704],[0.196334,0.742302,-0.640656],[0.485876,0.493867,0.721124]],[[0.851691,-0.45286,-0.263704],[0.0767667,0.605597,-0.79206],[0.518391,0.654347,0.550546]]],2],[18143,[-0.487568,-0.462246,-0.74068],1814,55.7865,[4.13204,126.73,-100.825],[5.67363,132.076,-99.9194],[52.5679,201.623,39.2852],false,[41.452,134.477,10.8718],[35.5933,154.94,-39.0151],[24.2817,151.293,-75.831],[12.5868,140.206,-93.5971],[3.50663,129.544,-101.697],[[[0.808092,-0.505582,-0.302282],[0.579068,0.775918,0.250263],[0.108018,-0.377277,0.919779]],[[0.815121,-0.544955,-0.196473],[0.500085,0.833151,-0.236164],[0.29239,0.0942494,0.951643]],[[0.815121,-0.544955,-0.196473],[0.312819,0.699537,-0.642489],[0.487568,0.462246,0.74068]],[[0.815121,-0.544955,-0.196473],[0.14336,0.518376,-0.84305],[0.561271,0.659022,0.500664]]],3],[18144,[-0.416155,-0.467703,-0.779788],1814,43.7356,[30.7838,116.152,-90.5293],[33.0618,122.125,-89.5951],[101.22,218.85,9.56331],false,[48.2862,125.397,6.10551],[50.1254,143.546,-40.6708],[47.4323,137.166,-70.4936],[40.3846,129.245,-83.6996],[31.5684,120.458,-91.9348],[[[0.708301,-0.667057,-0.230963],[0.704959,0.651436,0.280471],[-0.0366324,-0.361478,0.931661]],[[0.653064,-0.750459,0.101587],[0.752177,0.6272,-0.202115],[0.0879632,0.208405,0.974079]],[[0.653064,-0.750459,0.101587],[0.632711,0.466975,-0.617747],[0.416155,0.467703,0.779788]],[[0.653064,-0.750459,0.101587],[0.473896,0.300339,-0.82778],[0.590704,0.588735,0.55178]]],4]],[[0,200,0],[235.247,235.247,147.751]]],[2128066,65262220200,[[1814,"right",[-0.135696,0.55601,-0.820024],[-0.413246,-0.784008,-0.463206],[21.5862,150.012,-19.9689],[-44.4839,150.925,102.425],[23.3091,144.242,-23.8488],0.485035,0.137908,0.185138,[[0.8536,-0.190573,-0.484819],[0.393988,0.845035,0.361511],[0.340795,-0.499598,0.796405]],55.1731,[115.092,8.32755,204.074],[35.4199,125.126,17.8868]]],[[18140,[-0.506532,0.227981,-0.831535],1814,45.1259,[-34.9751,134.472,-48.7084],[-35.1301,143.062,-49.1051],[-6.06409,250.194,-7.67698],false,[9.73064,122.96,24.2826],[9.73064,122.96,24.2826],[-12.5896,133.095,-11.3155],[-27.5436,139.826,-35.8643],[-37.4169,144.189,-53.0144],[[[0.705479,0.698665,0.119022],[-0.486912,0.355765,0.797714],[0.514991,-0.620724,0.591173]],[[0.507101,0.85875,-0.0734596],[-0.69005,0.455589,0.562378],[0.51641,-0.234492,0.823611]],[[0.507101,0.85875,-0.0734596],[-0.697334,0.458882,0.550594],[0.506532,-0.227981,0.831535]],[[0.507101,0.85875,-0.0734596],[-0.71096,0.46496,0.527586],[0.487221,-0.215313,0.846319]]],0],[18141,[-0.397264,-0.484483,-0.779396],1814,50.9195,[-28.8887,133.79,-87.5316],[-26.5837,143.449,-87.171],[64.6843,266.614,20.3177],false,[21.7582,139.458,22.1798],[-0.0981368,169.498,-29.5672],[-13.7036,160.427,-62.98],[-22.0177,150.287,-79.2915],[-27.9692,141.152,-89.2912],[[[0.864886,-0.178743,-0.469067],[0.366403,0.863516,0.346538],[0.343106,-0.471583,0.812335]],[[0.915499,-0.268066,-0.300004],[0.167617,0.932025,-0.321299],[0.365741,0.243864,0.898201]],[[0.915499,-0.268066,-0.300004],[0.0635828,0.832717,-0.550037],[0.397264,0.484483,0.779396]],[[0.915499,-0.268066,-0.300004],[-0.00404649,0.739511,-0.673132],[0.4023,0.617466,0.675937]]],1],[18142,[-0.476307,-0.481065,-0.736008],1814,58.0187,[-18.0669,129.123,-99.4954],[-15.5143,138.617,-98.7057],[68.3389,272.419,30.8356],false,[31.2452,139.086,17.329],[17.8331,165.754,-35.1901],[2.46557,158.308,-73.2718],[-9.26213,146.463,-91.3939],[-17.6036,135.979,-100.627],[[[0.828069,-0.385384,-0.407162],[0.514792,0.810303,0.279998],[0.222018,-0.441461,0.869379]],[[0.853566,-0.453922,-0.255694],[0.368567,0.872997,-0.319429],[0.368216,0.178414,0.912461]],[[0.853566,-0.453922,-0.255694],[0.211085,0.75002,-0.626827],[0.476307,0.481065,0.736008]],[[0.853566,-0.453922,-0.255694],[0.0928365,0.615457,-0.782684],[0.512647,0.644335,0.567474]]],2],[18143,[-0.475484,-0.443828,-0.75956],1814,55.7865,[4.90821,129.459,-100.237],[6.84091,136.008,-98.9253],[72.6363,263.693,58.2174],false,[40.254,135.952,12.6198],[35.6307,157.426,-36.971],[25.0796,154.623,-74.0854],[13.6745,143.978,-92.3044],[4.68459,133.543,-100.791],[[[0.810536,-0.506129,-0.294729],[0.579453,0.766213,0.277764],[0.0852412,-0.395919,0.91432]],[[0.814982,-0.547326,-0.190364],[0.511294,0.833779,-0.208304],[0.272731,0.0724325,0.95936]],[[0.814982,-0.547326,-0.190364],[0.331238,0.709543,-0.621957],[0.475484,0.443828,0.75956]],[[0.814982,-0.547326,-0.190364],[0.16434,0.533317,-0.829799],[0.555694,0.644987,0.524591]]],3],[18144,[-0.39689,-0.444928,-0.802819],1814,43.7356,[31.198,117.186,-90.3585],[34.2155,125.819,-88.4032],[109.428,269.893,42.4653],false,[47.1198,126.912,7.8243],[50.1074,145.949,-38.5376],[48.1917,140.314,-68.5697],[41.4702,132.779,-82.1657],[32.8334,124.266,-90.8657],[[[0.707995,-0.668147,-0.228742],[0.703706,0.640155,0.308221],[-0.0595065,-0.379186,0.923405]],[[0.644897,-0.757562,0.101028],[0.761703,0.62627,-0.166116],[0.0625728,0.184081,0.980917]],[[0.644897,-0.757562,0.101028],[0.653135,0.477639,-0.587602],[0.39689,0.444928,0.802819]],[[0.644897,-0.757562,0.101028],[0.499223,0.317461,-0.806223],[0.578692,0.570366,0.582922]]],4]],[[0,200,0],[235.247,235.247,147.751]]],[2128067,65262231444,[[1814,"right",[-0.116841,0.566504,-0.815733],[-0.41562,-0.773869,-0.477899],[21.4132,152.265,-18.2999],[-34.8713,167.266,117.624],[23.2417,144.527,-23.6515],0.489817,0.118398,0.241895,[[0.843752,-0.186917,-0.503135],[0.390676,0.856661,0.336905],[0.368043,-0.480826,0.795833]],55.1731,[120.427,14.3932,205.531],[34.3844,126.803,19.4779]]],[[18140,[-0.488303,0.244419,-0.837747],1814,45.1259,[-34.9737,136.343,-48.6312],[-34.9298,146.537,-48.2674],[1.23037,272.001,20.3443],false,[8.57881,124.878,25.4698],[8.57881,124.878,25.4698],[-13.2929,135.95,-10.1279],[-27.7087,143.165,-34.8601],[-37.1337,147.809,-52.188],[[[0.711905,0.688755,0.137141],[-0.494456,0.352913,0.794333],[0.498702,-0.6333,0.5918]],[[0.520381,0.852181,-0.0546874],[-0.687848,0.456259,0.564529],[0.506032,-0.256153,0.8236]],[[0.520381,0.852181,-0.0546874],[-0.700546,0.462652,0.543313],[0.488303,-0.244419,0.837747]],[[0.520381,0.852181,-0.0546874],[-0.716161,0.470408,0.515586],[0.465098,-0.229136,0.855091]]],0],[18141,[-0.393097,-0.480399,-0.784023],1814,50.9195,[-28.4148,135.828,-87.2609],[-25.8593,146.869,-86.0785],[63.6125,276.836,47.7195],false,[20.8321,141.251,23.7272],[0.107832,172.115,-28.0009],[-13.1224,163.72,-61.7397],[-21.3493,153.667,-78.148],[-27.2717,144.488,-88.1249],[[[0.869579,-0.184059,-0.458207],[0.371469,0.855203,0.36144],[0.325334,-0.484511,0.812039]],[[0.916356,-0.275092,-0.290889],[0.183855,0.934558,-0.304629],[0.355653,0.225667,0.906965]],[[0.916356,-0.275092,-0.290889],[0.0759356,0.832791,-0.548354],[0.393097,0.480399,0.784023]],[[0.916356,-0.275092,-0.290889],[0.00504671,0.734438,-0.678656],[0.400333,0.620423,0.674395]]],1],[18142,[-0.470973,-0.467083,-0.748344],1814,58.0187,[-17.4782,131.452,-99.1341],[-14.6486,142.175,-97.6971],[71.0736,287.081,49.9939],false,[30.3851,140.818,19.0131],[18.0749,168.217,-33.3997],[3.18434,161.366,-71.7815],[-8.41203,149.865,-90.2074],[-16.7387,139.589,-99.6848],[[[0.829385,-0.390902,-0.399143],[0.520187,0.800929,0.296512],[0.203778,-0.453551,0.867621]],[[0.851805,-0.461374,-0.248117],[0.383577,0.871889,-0.304432],[0.356788,0.164145,0.919652]],[[0.851805,-0.461374,-0.248117],[0.229375,0.754299,-0.615158],[0.470973,0.467083,0.748344]],[[0.851805,-0.461374,-0.248117],[0.112035,0.623116,-0.774063],[0.511739,0.631553,0.582463]]],2],[18143,[-0.469888,-0.42922,-0.771346],1814,55.7865,[6.37305,134.9,-98.7408],[7.65793,139.344,-97.6093],[72.3933,275.515,77.5082],false,[39.425,137.626,14.403],[35.7965,159.693,-35.01],[25.7552,157.484,-72.3054],[14.4843,147.189,-90.8071],[5.49263,136.957,-99.5356],[[[0.808744,-0.512643,-0.288324],[0.584344,0.756087,0.294744],[0.0669001,-0.406853,0.911041]],[[0.811175,-0.554587,-0.185547],[0.524048,0.830164,-0.190268],[0.259554,0.0571048,0.964039]],[[0.811175,-0.554587,-0.185547],[0.348138,0.712883,-0.608767],[0.469888,0.42922,0.771346]],[[0.811175,-0.554587,-0.185547],[0.181873,0.540786,-0.821263],[0.555803,0.632442,0.539537]]],3],[18144,[-0.380738,-0.424562,-0.821454],1814,43.7356,[32.0792,119.483,-89.8365],[35.1914,128.98,-87.0571],[105.228,275.856,66.5186],false,[46.2532,128.557,9.6095],[50.1572,148.061,-36.4897],[48.8975,142.999,-66.6584],[42.4496,135.809,-80.57],[33.9531,127.566,-89.6591],[[[0.703309,-0.67412,-0.225654],[0.706619,0.628214,0.325633],[-0.0777571,-0.388472,0.918174]],[[0.634261,-0.766347,0.102105],[0.772024,0.620786,-0.136398],[0.0411424,0.165339,0.985378]],[[0.634261,-0.766347,0.102105],[0.672869,0.482141,-0.56106],[0.380738,0.424562,0.821454]],[[0.634261,-0.766347,0.102105],[0.523091,0.328132,-0.786578],[0.569288,0.552306,0.60899]]],4]],[[0,200,0],[235.247,235.247,147.751]]],[2128068,65262249664,[[1814,"right",[-0.0955947,0.577318,-0.810904],[-0.433011,-0.757639,-0.488349],[20.9219,154.769,-16.3179],[-31.0927,152.994,113.399],[23.0614,145.323,-23.0813],0.490582,0.113857,0.3186,[[0.829444,-0.205067,-0.519586],[0.401766,0.865253,0.299868],[0.388081,-0.457476,0.800068]],55.1731,[123.654,21.6491,208.339],[32.9272,128.6,21.2961]]],[[18140,[-0.470481,0.266764,-0.841121],1814,45.1259,[-35.0815,141.827,-47.8885],[-35.2604,151.111,-46.6694],[-7.32436,264.25,52.866],false,[7.03658,127.319,27.0905],[7.03658,127.319,27.0905],[-14.4475,139.645,-8.33066],[-28.3372,147.52,-33.1625],[-37.3404,152.56,-50.6034],[[[0.729314,0.667797,0.148822],[-0.490385,0.358537,0.794338],[0.477099,-0.652302,0.588964]],[[0.546375,0.836571,-0.0402939],[-0.674093,0.467793,0.571636],[0.497063,-0.285166,0.819517]],[[0.546375,0.836571,-0.0402939],[-0.692908,0.478525,0.539344],[0.470481,-0.266764,0.841121]],[[0.546375,0.836571,-0.0402939],[-0.709986,0.488149,0.507572],[0.44429,-0.248717,0.860666]]],0],[18141,[-0.401114,-0.464629,-0.789448],1814,50.9195,[-27.5569,141.394,-86.1254],[-26.0041,151.308,-84.4113],[29.0501,261.324,68.852],false,[19.7414,143.369,25.5938],[0.232515,175.283,-25.9697],[-12.9727,167.706,-59.9114],[-21.3674,157.982,-76.4332],[-27.4725,148.981,-86.4616],[[[0.867531,-0.203192,-0.453986],[0.391917,0.841263,0.372394],[0.306254,-0.500989,0.809456]],[[0.910509,-0.296686,-0.288011],[0.212039,0.933002,-0.290768],[0.354981,0.203677,0.912416]],[[0.910509,-0.296686,-0.288011],[0.1004,0.834325,-0.542054],[0.401114,0.464629,0.789448]],[[0.910509,-0.296686,-0.288011],[0.0258822,0.736067,-0.676414],[0.412677,0.608427,0.677875]]],1],[18142,[-0.478065,-0.446751,-0.756219],1814,58.0187,[-16.5058,137.278,-97.8467],[-14.8336,146.428,-96.0577],[32.0963,261.588,68.9166],false,[29.3127,142.722,20.9417],[18.1255,170.95,-31.2826],[3.32699,164.873,-69.83],[-8.444,153.873,-88.4497],[-16.9774,143.923,-98.0899],[[[0.821322,-0.409427,-0.39724],[0.53957,0.783596,0.307963],[0.185188,-0.467275,0.8645]],[[0.840739,-0.481926,-0.246789],[0.409181,0.864029,-0.2933],[0.354582,0.145607,0.923618]],[[0.840739,-0.481926,-0.246789],[0.254188,0.753764,-0.605993],[0.478065,0.446751,0.756219]],[[0.840739,-0.481926,-0.246789],[0.13461,0.627535,-0.766864],[0.524441,0.611512,0.592465]]],2],[18143,[-0.471162,-0.396095,-0.788109],1814,55.7865,[7.43432,142.459,-96.6301],[7.59608,143.596,-96.1206],[39.7134,263.689,74.4248],false,[38.2955,139.331,16.3628],[35.6206,161.964,-32.8544],[25.9847,160.873,-70.3059],[14.6833,151.372,-89.2096],[5.52805,141.641,-98.3314],[[[0.796594,-0.531626,-0.28777],[0.602499,0.737047,0.306196],[0.0493181,-0.417295,0.907432]],[[0.797275,-0.573451,-0.188431],[0.549831,0.818754,-0.16531],[0.249076,0.0281926,0.968074]],[[0.797275,-0.573451,-0.188431],[0.377305,0.717121,-0.585985],[0.471162,0.396095,0.788109]],[[0.797275,-0.573451,-0.188431],[0.209993,0.556174,-0.804098],[0.565911,0.601518,0.563844]]],3],[18144,[-0.385591,-0.405013,-0.829026],1814,43.7356,[33.2391,124.046,-88.3809],[34.6422,131.872,-85.2553],[40.2691,219.56,82.8336],false,[44.9095,130.125,11.5275],[49.6709,149.96,-34.3494],[48.5408,145.296,-64.5873],[42.0107,138.437,-78.6271],[33.3577,130.52,-87.8576],[[[0.686375,-0.690775,-0.22742],[0.721038,0.605606,0.336668],[-0.094835,-0.395059,0.913747]],[[0.61281,-0.784124,0.0980507],[0.789368,0.601615,-0.122303],[0.0369117,0.152346,0.987638]],[[0.61281,-0.784124,0.0980507],[0.689771,0.470228,-0.550547],[0.385591,0.405013,0.829026]],[[0.61281,-0.784124,0.0980507],[0.536962,0.322153,-0.779673],[0.579773,0.53044,0.618463]]],4]],[[0,200,0],[235.247,235.247,147.751]]],[2128069,65262259856,[[1814,"right",[-0.0907797,0.583178,-0.807256],[-0.441901,-0.750018,-0.492135],[20.7383,155.849,-15.4475],[-27.1062,138.672,104.866],[22.9493,145.831,-22.7132],0.491322,0.108925,0.365256,[[0.822788,-0.215374,-0.525959],[0.406104,0.87021,0.278953],[0.397616,-0.443113,0.803463]],55.1731,[125.483,25.7345,209.825],[32.5263,129.327,21.9878]]],[[18140,[-0.466161,0.276542,-0.840368],1814,45.1259,[-35.1801,144.83,-47.304],[-35.4776,153.053,-45.7155],[-10.7931,242.376,65.1195],false,[6.63328,128.288,27.8195],[6.63328,128.288,27.8195],[-14.8393,141.175,-7.4086],[-28.6014,149.339,-32.2182],[-37.5091,154.565,-49.6535],[[[0.736657,0.659065,0.151558],[-0.485193,0.358962,0.79733],[0.471088,-0.660894,0.584205]],[[0.556225,0.830281,-0.0353214],[-0.666188,0.470898,0.578315],[0.496796,-0.298142,0.815049]],[[0.556225,0.830281,-0.0353214],[-0.687974,0.483899,0.540864],[0.466161,-0.276542,0.840368]],[[0.556225,0.830281,-0.0353214],[-0.705258,0.494097,0.508409],[0.439574,-0.257879,0.860391]]],0],[18141,[-0.407709,-0.456122,-0.791029],1814,50.9195,[-27.2576,144.429,-85.3715],[-26.3373,153.334,-83.4626],[10.2325,243.218,75.9842],false,[19.5063,144.211,26.397],[0.25318,176.641,-24.9399],[-13.078,169.515,-58.93],[-21.6107,159.97,-75.485],[-27.8325,151.061,-85.5238],[[[0.864547,-0.209705,-0.456708],[0.401509,0.834773,0.376755],[0.30224,-0.509095,0.805899]],[[0.906738,-0.30442,-0.291813],[0.222258,0.93308,-0.282778],[0.358368,0.191547,0.913719]],[[0.906738,-0.30442,-0.291813],[0.107702,0.836231,-0.537697],[0.407709,0.456122,0.791029]],[[0.906738,-0.30442,-0.291813],[0.0308397,0.738019,-0.674074],[0.420565,0.602209,0.678578]]],1],[18142,[-0.484066,-0.436995,-0.7581],1814,58.0187,[-16.2051,140.296,-97.0547],[-15.2397,148.37,-95.1737],[10.1301,240.016,74.2573],false,[29.0624,143.489,21.7244],[18.0899,172.149,-30.3099],[3.16092,166.46,-68.8662],[-8.75782,155.7,-87.5322],[-17.4128,145.902,-97.2198],[[[0.816232,-0.415773,-0.401121],[0.548429,0.775922,0.311721],[0.181633,-0.474423,0.861355]],[[0.835125,-0.489373,-0.251157],[0.417865,0.861356,-0.288885],[0.357708,0.136306,0.923832]],[[0.835125,-0.489373,-0.251157],[0.26124,0.754685,-0.601835],[0.484066,0.436995,0.7581]],[[0.835125,-0.489373,-0.251157],[0.140125,0.630807,-0.763182],[0.531913,0.602159,0.595377]]],2],[18143,[-0.473878,-0.378162,-0.795256],1814,55.7865,[7.42328,144.957,-95.9927],[7.30298,145.727,-95.4707],[21.1528,252.361,68.3375],false,[38.0007,140.03,17.1097],[35.4853,162.987,-31.9661],[25.9043,162.556,-69.445],[14.5377,153.485,-88.5202],[5.29112,144.009,-97.8166],[[[0.790384,-0.538358,-0.292343],[0.610854,0.728716,0.309566],[0.0463778,-0.423255,0.904823]],[[0.790876,-0.579906,-0.19551],[0.559626,0.814607,-0.152428],[0.247657,0.0111392,0.968784]],[[0.790876,-0.579906,-0.19551],[0.38724,0.721597,-0.573884],[0.473878,0.378162,0.795256]],[[0.790876,-0.579906,-0.19551],[0.218714,0.566211,-0.794713],[0.571559,0.585759,0.574636]]],3],[18144,[-0.390245,-0.393828,-0.832231],1814,43.7356,[33.6211,126.333,-87.609],[34.1721,133.335,-84.6022],[13.794,197.117,77.1793],false,[44.5079,130.784,12.2077],[49.404,150.843,-33.5576],[48.2145,146.467,-63.8364],[41.6055,139.798,-77.9305],[32.862,132.045,-87.2148],[[[0.678571,-0.696681,-0.232759],[0.728033,0.595835,0.339042],[-0.0975186,-0.39952,0.911523]],[[0.605164,-0.790938,0.0905175],[0.795152,0.594974,-0.117214],[0.0388535,0.142909,0.988973]],[[0.605164,-0.790938,0.0905175],[0.693892,0.468312,-0.54699],[0.390245,0.393828,0.832231]],[[0.605164,-0.790938,0.0905175],[0.53904,0.323428,-0.777708],[0.585843,0.519433,0.622074]]],4]],[[0,200,0],[235.247,235.247,147.751]]],[2128070,65262270089,[[1814,"right",[-0.0929492,0.591831,-0.800685],[-0.438932,-0.746165,-0.500577],[20.4921,157.158,-14.7073],[-26.1744,135.374,94.9173],[22.82,146.427,-22.2919],0.489573,0.0919251,0.411814,[[0.821351,-0.212765,-0.529257],[0.396607,0.879872,0.261778],[0.409982,-0.424919,0.807068]],55.1731,[128.226,30.9249,211.11],[32.3786,130.264,22.4303]]],[[18140,[-0.464054,0.284652,-0.838825],1814,45.1259,[-35.3222,147.742,-46.6031],[-35.6857,154.658,-44.9496],[-13.9755,217.684,68.8511],false,[6.48917,129.06,28.2459],[6.48917,129.06,28.2459],[-15.1575,142.462,-6.68189],[-28.8574,150.865,-31.4459],[-37.7144,156.257,-48.8566],[[[0.734078,0.660177,0.159049],[-0.486673,0.348121,0.801225],[0.473582,-0.665566,0.576838]],[[0.554572,0.831774,-0.0245407],[-0.664548,0.460441,0.588532],[0.500825,-0.310075,0.808101]],[[0.554572,0.831774,-0.0245407],[-0.690727,0.476577,0.543847],[0.464054,-0.284652,0.838825]],[[0.554572,0.831774,-0.0245407],[-0.70811,0.487201,0.511093],[0.43707,-0.26606,0.859175]]],0],[18141,[-0.406305,-0.449525,-0.795514],1814,50.9195,[-27.0788,147.481,-84.5454],[-26.5714,155.259,-82.7313],[0.137658,227.403,74.3417],false,[19.3005,145.047,27.004],[-0.0724402,177.975,-23.9694],[-13.3641,171.3,-58.0663],[-21.8674,161.892,-74.7151],[-28.0586,153.031,-84.8153],[[[0.865406,-0.20122,-0.458893],[0.398224,0.83205,0.386148],[0.304121,-0.516917,0.800192]],[[0.90785,-0.29727,-0.2957],[0.219413,0.937779,-0.269124],[0.357304,0.179443,0.916588]],[[0.90785,-0.29727,-0.2957],[0.103558,0.842352,-0.528884],[0.406305,0.449525,0.795514]],[[0.90785,-0.29727,-0.2957],[0.0258467,0.743567,-0.668162],[0.418498,0.598948,0.682731]]],1],[18142,[-0.480884,-0.427436,-0.765539],1814,58.0187,[-15.9977,143.41,-96.2597],[-15.3981,150.52,-94.5938],[3.69665,233.02,66.8016],false,[28.8598,144.414,22.3251],[17.7822,173.613,-29.3866],[2.92788,168.343,-68.0311],[-8.91251,157.818,-86.8803],[-17.5115,148.156,-96.7517],[[[0.817885,-0.408084,-0.405625],[0.545379,0.774502,0.320482],[0.183374,-0.483337,0.856014]],[[0.837079,-0.483591,-0.255812],[0.415477,0.866138,-0.277819],[0.355919,0.126273,0.925947]],[[0.837079,-0.483591,-0.255812],[0.260864,0.763832,-0.590348],[0.480884,0.427436,0.765539]],[[0.837079,-0.483591,-0.255812],[0.141467,0.643023,-0.752667],[0.528476,0.593853,0.606673]]],2],[18143,[-0.472224,-0.367878,-0.801043],1814,55.7865,[7.2878,147.496,-95.3779],[7.11953,148.087,-94.8967],[9.02949,247.457,64.4514],false,[37.8121,141.042,17.6733],[35.2132,164.537,-31.1425],[25.6455,164.647,-68.6272],[14.3186,155.823,-87.8413],[5.1108,146.451,-97.2801],[[[0.7925,-0.531979,-0.298232],[0.607987,0.727565,0.317808],[0.0479161,-0.433184,0.900031]],[[0.793228,-0.573681,-0.204155],[0.556441,0.819074,-0.139615],[0.247312,-0.00285356,0.968932]],[[0.793228,-0.573681,-0.204155],[0.38444,0.731817,-0.562717],[0.472224,0.367878,0.801043]],[[0.793228,-0.573681,-0.204155],[0.216434,0.579002,-0.786075],[0.569162,0.57935,0.583445]]],3],[18144,[-0.368662,-0.368124,-0.853565],1814,43.7356,[34.193,129.213,-86.9711],[34.8208,136.257,-84.6014],[35.3162,230.813,48.4154],false,[44.3556,131.877,12.669],[49.1791,152.466,-32.8679],[48.4822,148.969,-63.2759],[42.2388,142.735,-77.7313],[33.7915,135.252,-87.4987],[[[0.681295,-0.691393,-0.240443],[0.725677,0.594817,0.345812],[-0.0960722,-0.410084,0.906974]],[[0.609936,-0.788728,0.0767236],[0.792123,0.60404,-0.0876158],[0.0227609,0.114215,0.993195]],[[0.609936,-0.788728,0.0767236],[0.701474,0.492335,-0.515306],[0.368662,0.368124,0.853565]],[[0.609936,-0.788728,0.0767236],[0.554641,0.355742,-0.752211],[0.565996,0.501355,0.65444]]],4]],[[0,200,0],[235.247,235.247,147.751]]],[2128071,65262278679,[[1814,"right",[-0.0926873,0.596769,-0.797042],[-0.440654,-0.742414,-0.504624],[20.2138,158.128,-14.0331],[-27.8183,129.444,90.5825],[22.698,146.975,-21.9051],0.487141,0.0838084,0.449266,[[0.817575,-0.213996,-0.534582],[0.394022,0.884905,0.248374],[0.419903,-0.413701,0.807795]],55.1731,[130.256,34.2754,211.781],[32.0891,130.992,22.9318]]],[[18140,[-0.458244,0.290139,-0.840138],1814,45.1259,[-35.4776,150.028,-45.9368],[-35.9253,156.152,-44.1496],[-17.8031,207.788,75.8993],false,[6.20298,129.796,28.7642],[6.20298,129.796,28.7642],[-15.6657,143.763,-5.8022],[-29.1941,152.329,-30.605],[-37.9315,157.83,-48.0417],[[[0.735339,0.657975,0.162312],[-0.485344,0.344138,0.803747],[0.472988,-0.669804,0.572403]],[[0.558262,0.829468,-0.0180433],[-0.65753,0.455595,0.600073],[0.505962,-0.323134,0.799741]],[[0.558262,0.829468,-0.0180433],[-0.691633,0.477286,0.542073],[0.458244,-0.290139,0.840138]],[[0.558262,0.829468,-0.0180433],[-0.708828,0.488143,0.509195],[0.431168,-0.271475,0.860462]]],0],[18141,[-0.40832,-0.443953,-0.797609],1814,50.9195,[-27.0561,149.884,-83.822],[-26.9273,156.781,-82.0106],[-10.878,215.727,76.3878],false,[19.0402,145.769,27.6061],[-0.324102,179.035,-23.1513],[-13.6558,172.722,-57.3015],[-22.2013,163.431,-73.9942],[-28.423,154.615,-84.1148],[[[0.864641,-0.199927,-0.460896],[0.399987,0.829051,0.390749],[0.303985,-0.52221,0.7968]],[[0.906934,-0.296523,-0.299241],[0.221437,0.939829,-0.260168],[0.358381,0.169693,0.918024]],[[0.906934,-0.296523,-0.299241],[0.103661,0.845565,-0.523712],[0.40832,0.443953,0.797609]],[[0.906934,-0.296523,-0.299241],[0.0245313,0.746292,-0.665166],[0.420559,0.595921,0.684112]]],1],[18142,[-0.480369,-0.417735,-0.771196],1814,58.0187,[-15.9222,145.935,-95.616],[-15.6669,152.209,-94.0447],[-3.46908,227.102,63.2887],false,[28.5941,145.149,22.9146],[17.5181,174.675,-28.6111],[2.71775,169.801,-67.3283],[-9.10996,159.516,-86.3168],[-17.7142,149.998,-96.3233],[[[0.816819,-0.407026,-0.408823],[0.546983,0.77165,0.324603],[0.183346,-0.488761,0.852934]],[[0.83606,-0.483814,-0.258704],[0.418621,0.867347,-0.269196],[0.354627,0.116766,0.927688]],[[0.83606,-0.483814,-0.258704],[0.265046,0.76904,-0.58166],[0.480369,0.417735,0.771196]],[[0.83606,-0.483814,-0.258704],[0.146203,0.650959,-0.744901],[0.528799,0.584958,0.614976]]],2],[18143,[-0.473069,-0.357482,-0.805241],1814,55.7865,[7.03929,149.425,-94.8582],[6.78663,149.853,-94.3435],[-3.27791,239.197,63.7468],false,[37.5363,141.789,18.2343],[34.9321,165.58,-30.4376],[25.3584,166.158,-67.9164],[14.0112,157.584,-87.2311],[4.78308,148.336,-96.7732],[[[0.791324,-0.531519,-0.302149],[0.609509,0.724624,0.321589],[0.0480141,-0.438644,0.897378]],[[0.792169,-0.572598,-0.211188],[0.557878,0.8197,-0.129863],[0.24747,-0.0149438,0.96878]],[[0.792169,-0.572598,-0.211188],[0.385583,0.737793,-0.554064],[0.473069,0.357482,0.805241]],[[0.792169,-0.572598,-0.211188],[0.217014,0.587704,-0.779429],[0.570416,0.571608,0.589822]]],3],[18144,[-0.357417,-0.350615,-0.865634],1814,43.7356,[34.6651,131.763,-86.4869],[35.0125,138.184,-84.4112],[34.2988,232.2,39.9245],false,[44.0597,132.643,13.1692],[48.876,153.496,-32.2481],[48.4495,150.542,-62.7186],[42.3965,144.604,-77.3784],[34.0953,137.327,-87.4229],[[[0.679903,-0.691088,-0.245211],[0.727,0.591513,0.348688],[-0.0959284,-0.415343,0.904593]],[[0.609827,-0.78961,0.0680271],[0.792412,0.605973,-0.0698487],[0.0139306,0.0965011,0.995235]],[[0.609827,-0.78961,0.0680271],[0.707364,0.503572,-0.496035],[0.357418,0.350615,0.865634]],[[0.609827,-0.78961,0.0680271],[0.56458,0.372581,-0.7365],[0.556202,0.487544,0.673008]]],4]],[[0,200,0],[235.247,235.247,147.751]]],[2128072,65262288618,[[1814,"right",[-0.0928032,0.599974,-0.794619],[-0.44191,-0.739974,-0.507104],[19.8972,158.875,-13.4768],[-29.0234,113.243,80.2526],[22.542,147.638,-21.4357],0.481879,0.0773646,0.490644,[[0.814788,-0.21525,-0.538319],[0.391837,0.888803,0.237682],[0.427299,-0.404594,0.808529]],55.1731,[131.674,36.9949,212.392],[31.7784,131.583,23.3707]]],[[18140,[-0.452108,0.292391,-0.842678],1814,45.1259,[-35.7025,152.328,-45.1556],[-36.2232,157.29,-43.4575],[-21.7774,180.943,74.6503],false,[5.89652,130.391,29.2228],[5.89652,130.391,29.2228],[-16.2089,144.803,-5.00861],[-29.5562,153.435,-29.8864],[-38.225,159.02,-47.3307],[[[0.736185,0.656562,0.164189],[-0.484228,0.341507,0.805541],[0.472816,-0.672531,0.569339]],[[0.56093,0.827749,-0.0137353],[-0.650989,0.451276,0.61038],[0.51144,-0.333439,0.79199]],[[0.56093,0.827749,-0.0137353],[-0.69351,0.478893,0.538243],[0.452108,-0.292391,0.842678]],[[0.56093,0.827749,-0.0137353],[-0.708771,0.488745,0.508696],[0.427786,-0.275608,0.860836]]],0],[18141,[-0.410099,-0.437217,-0.800413],1814,50.9195,[-27.1536,152.421,-83.0359],[-27.315,158.073,-81.4448],[-19.0212,194.578,68.7756],false,[18.7495,146.355,28.1149],[-0.627159,179.839,-22.494],[-13.9762,173.985,-56.719],[-22.5589,164.835,-73.4703],[-28.8087,156.066,-83.6145],[[[0.863998,-0.199036,-0.462485],[0.401227,0.827098,0.393606],[0.304179,-0.525637,0.794469]],[[0.906089,-0.295409,-0.30288],[0.224123,0.942321,-0.248594],[0.358847,0.157366,0.920035]],[[0.906089,-0.295409,-0.30288],[0.104025,0.849456,-0.517304],[0.410099,0.437217,0.800413]],[[0.906089,-0.295409,-0.30288],[0.0230312,0.749259,-0.661877],[0.42246,0.592743,0.685699]]],1],[18142,[-0.47824,-0.406949,-0.778253],1814,58.0187,[-15.9113,148.629,-94.9851],[-15.9101,153.598,-93.6859],[-7.09724,205.805,51.3682],false,[28.2983,145.743,23.412],[17.2054,175.481,-27.9875],[2.49591,170.944,-66.7802],[-9.27939,160.924,-85.9424],[-17.8653,151.588,-96.1337],[[[0.816006,-0.406285,-0.411176],[0.548101,0.7698,0.327098],[0.183628,-0.49228,0.850847]],[[0.835365,-0.484255,-0.260118],[0.421836,0.868147,-0.261487],[0.352447,0.10871,0.929496]],[[0.835365,-0.484255,-0.260118],[0.271019,0.774525,-0.571542],[0.47824,0.406949,0.778254]],[[0.835365,-0.484255,-0.260118],[0.154043,0.660473,-0.734879],[0.52767,0.573823,0.626332]]],2],[18143,[-0.471601,-0.341343,-0.813066],1814,55.7865,[6.7499,151.589,-94.4932],[6.48489,151.596,-94.0308],[-10.2447,226.051,51.4085],false,[37.2326,142.392,18.7103],[34.608,166.376,-29.8659],[25.0474,167.541,-67.3344],[13.7355,159.353,-86.8368],[4.52185,150.327,-96.6017],[[[0.790479,-0.531167,-0.304966],[0.610574,0.722721,0.323842],[0.0483908,-0.442195,0.895613]],[[0.791536,-0.570265,-0.219703],[0.558926,0.820909,-0.117092],[0.247129,-0.0301152,0.968514]],[[0.791536,-0.570265,-0.219703],[0.388669,0.747183,-0.539123],[0.471601,0.341343,0.813066]],[[0.791536,-0.570265,-0.219703],[0.221623,0.602892,-0.766423],[0.569521,0.55796,0.603594]]],3],[18144,[-0.348852,-0.338685,-0.873839],1814,43.7356,[35.1271,134.56,-85.9842],[35.0739,139.602,-84.2148],[26.948,206.548,33.6514],false,[43.7416,133.259,13.6034],[48.5374,154.284,-31.7367],[48.3134,1